#####Declaration of parameters
#param alpha = 0.1;
#number of nodes
param n := 5;
#n*n matrix, latency between nodes
param latency :
 1 2 3 4 5:=
1 0 1 1 1 1
2 1 0 2 2 2
3 1 2 0 2 2
4 1 2 2 0 2
5 1 2 2 2 0
;
#maximum number of tasks each node can run
param max_node_flows :=
1 1454545 
2 1454545 
3 1454545 
4 1454545 
5 1454545 
;
param task_monitor_flow_num :=
1 727272 
2 727272 
3 727272 
4 727272 
5 727272 
6 727272 
7 727272 
8 727272 
9 727272 
10 727272 
11 727272 
12 727272 
13 727272 
14 727272 
15 727272 
16 727272 
17 727272 
18 727272 
19 727272 
20 727272 
21 727272 
22 727272 
23 727272 
24 727272 
25 727272 
26 727272 
27 727272 
28 727272 
29 727272 
30 727272 
31 727272 
32 727272 
33 727272 
34 727272 
35 727272 
36 727272 
37 727272 
38 727272 
39 727272 
40 727272 
41 727272 
42 727272 
43 727272 
44 727272 
45 727272 
46 727272 
47 727272 
48 727272 
49 727272 
50 727272 
51 727272 
52 727272 
53 727272 
54 727272 
55 727272 
56 727272 
57 727272 
58 727272 
;
#number of tasks
param m := 58;
#can task i be assigned to task j
param can_assign :
  1 2 3 4 5:=
1 1 1 0 0 0
2 1 1 0 0 0
3 1 1 0 0 0
4 1 1 0 0 0
5 1 1 0 0 0
6 1 1 0 0 0
7 1 1 0 0 0
8 1 1 0 0 0
9 1 1 0 0 0
10 1 1 0 0 0
11 1 1 0 0 0
12 1 1 0 0 0
13 1 1 0 0 0
14 1 1 0 0 0
15 1 1 0 0 0
16 1 1 0 0 0
17 1 0 1 0 0
18 1 0 1 0 0
19 1 0 1 0 0
20 1 0 1 0 0
21 1 0 1 0 0
22 1 0 1 0 0
23 1 0 1 0 0
24 1 0 1 0 0
25 1 0 1 0 0
26 1 0 1 0 0
27 1 0 1 0 0
28 1 0 1 0 0
29 1 0 1 0 0
30 1 0 1 0 0
31 1 0 1 0 0
32 1 0 1 0 0
33 1 0 1 0 0
34 1 0 1 0 0
35 1 0 0 1 0
36 1 0 0 1 0
37 1 0 0 1 0
38 1 0 0 1 0
39 1 0 0 1 0
40 1 0 0 1 0
41 1 0 0 1 0
42 1 0 0 1 0
43 1 0 0 1 0
44 1 0 0 1 0
45 1 0 0 1 0
46 1 0 0 1 0
47 1 0 0 1 0
48 1 0 0 1 0
49 1 0 0 1 0
50 1 0 0 1 0
51 1 0 0 0 1
52 1 0 0 0 1
53 1 0 0 0 1
54 1 0 0 0 1
55 1 0 0 0 1
56 1 0 0 0 1
57 1 0 0 0 1
58 1 0 0 0 1
;
#number of matched tasks
param num_match = 29;
#num_match * 2 matrix, matched tasks
param matched_tasks :
  1 2:=
1 1 2
2 3 4
3 5 6
4 7 8
5 9 10
6 11 12
7 13 14
8 15 16
9 17 18
10 19 20
11 21 22
12 23 24
13 25 26
14 27 28
15 29 30
16 31 32
17 33 34
18 35 36
19 37 38
20 39 40
21 41 42
22 43 44
23 45 46
24 47 48
25 49 50
26 51 52
27 53 54
28 55 56
29 57 58
